39801.19802347819
39769.44579060873
39716.928075154625
39682.881968180336
39651.648040771484
39602.52997843424
39544.05704243978
39461.45745340983
39411.238149007164
39388.36955769857
39326.45662943522
39226.72011820475
39161.819564819336
39087.913721720375
39018.91395060221
38928.75981648763
38842.71449788412
38762.93589782715
38673.53174845377
38583.58692932129
38471.772816975914
38375.7819519043
38281.21334838867
38193.87929789225
38130.38939921061
38053.25588989258
37996.02941385905
37935.359227498375
37880.874348958336
37814.40848795573
37758.67395019531
37703.268397013344
37656.64920552572
37604.71280415853
37549.23175557455
37492.38511657715
37412.113357543945
37352.1456044515
37272.14785257975
37208.81775919596
37138.494313557945
37057.84906514486
36979.70966593424
36920.57066345215
36850.61617533366
36784.08342488607
36722.589767456055
36656.33883666992
36603.27166748047
36540.89015197754
36494.271158854164
36465.58525594076
36419.115870157875
36367.50436909994
36319.3293355306
36285.439153035484
36226.27153523763
36200.55684916178
36158.341873168945
36119.672358194985
36088.36192830404
36039.73920186361
35999.13426717123
35966.39935811361
35913.0978342692
35861.461110432945
35780.78770955404
35716.090352376305
35635.04816182455
35565.5837504069
35495.776835123695
35438.35527547201
35368.88939921061
35302.85690816244
35259.52183024088
35203.623764038086
35128.80185953776
35073.03321329752
35021.85920715332
34961.04744466146
34906.8788655599
34858.12840779623
34808.46208190918
34755.114878336586
34707.594874064125
34670.36954243978
34629.51098124186
34577.94725545248
34536.64739481608
34498.99953715006
34459.87033081055
34413.77127075195
34364.98585510254
34341.2769724528
34302.106745402016
34279.410832722984
34265.269831339516
34250.89286295573
34223.58788045248
34204.059590657555
34199.26101175944
34182.23294067383
34158.216639200844
34166.565770467125
34144.80220031738
34134.63175455729
34139.59036763509
34140.63316345215
34148.75285847982
34162.31654866537
34160.69571940104
34156.77815246582
34157.38335673014
34162.24717712402
34171.38678487142
34159.91652933756
34158.01251220703
34175.170766194664
34169.22793070475
34169.48491414388
34160.85298156738
34166.88470967611
34164.151916503906
34151.062596639
34179.29782613119
34174.91943359375
34191.08889261881
34206.08194986979
34234.43391418457
34238.58590189616
34252.5284983317
34286.347579956055
34304.769022623695
34328.8096110026
34368.5633799235
34392.54250590006
34425.90225728353
34468.012268066406
34509.71873474121
34572.79872639974
34621.44301350912
34688.077824910484
34742.77780151367
34793.05744934082
34849.39011128744
34914.19972229004
34974.86521911621
35040.46060180664
35127.22848510742
35191.2429860433
35269.746994018555
35339.806172688805
35420.77876281738
35559.53810119629
35658.58310953776
35747.95465596517
35869.89969380697
35957.64944458008
36037.5831451416
36140.998850504555
36225.91534932455
36320.65923563639
36436.83622741699
36544.83981831869
36686.77409362793
36823.47285970052
36976.22318522135
37139.17694091797
37279.765981038414
37428.615234375
37603.53946940104
37737.14595031738
37877.714111328125
37996.729654947914
38129.3396657308
38216.41929117838
38319.27568054199
38440.315841674805
38561.763692220055
38677.33917744955
38812.97936503092
38938.85910542806
39075.57750956217
39217.72555033366
39336.628117879234
39454.00600179037
39566.78552246094
39708.28103129069
39842.347468058266
39997.6200205485
40111.79818725586
40221.953776041664
40310.19527689616
40402.70074971517
40475.95749409994
40562.47739664713
40648.34804280599
40727.32706705729
40844.744567871094
40956.138676961265
41027.86833190918
41072.014907836914
41161.504165649414
41203.565256754555
41251.8818359375
41325.62927246094
41414.517349243164
41491.42247009277
41604.239583333336
41671.81640625
41773.83918762207
41860.9786936442
41935.606536865234
42032.87869262695
42115.930491129555
42208.74959818522
42287.525293986
42364.03964742025
42432.54285176595
42516.861572265625
42591.7810160319
42691.42134094238
42758.39276123047
42835.43013000488
42885.451166788735
42949.59020996094
42996.08174133301
43069.54560343424
43112.88278198242
43168.272216796875
43224.139460245766
43249.46576436361
43287.476750691734
43316.55577087402
43334.89620463053
43340.23567199707
43352.966150919594
43383.18090311686
43397.5465037028
43419.09709676107
43429.2728322347
43439.620585123695
43458.04740397135
43444.029637654625
43458.23065185547
43459.00299580892
43471.59390258789
43470.87111918131
43489.357579549156
43485.02982076009
43491.084314982094
43461.83858744303
43460.71378072103
43440.358723958336
43431.33992513021
43405.87983703613
43403.24799601237
43389.920110066734
43380.9540608724
43376.97955830892
43369.43833414713
43355.39993794759
43355.555572509766
43340.30054219564
43332.06961568197
43308.12702433268
43296.47333780924
43297.843617757164
43292.26297505697
43280.6140238444
43251.874028523765
43246.152572631836
43235.73080444336
43227.19200642904
43203.00282796224
43177.15342712402
43173.71145121256
43142.869303385414
43107.42111206055
43092.27211507162
43073.29521687826
43036.40846761068
43013.628845214844
42992.41842651367
42974.603439331055
42942.14180501302
42895.30931599935
42863.8038075765
42846.8529103597
42822.53554789225
42806.22942606608
42791.99335734049
42774.47538757324
42766.73473612467
42758.92598470052
42758.884185791016
42760.730794270836
42735.1756032308
42738.207178751625
42716.41802469889
42713.518005371094
42688.986251831055
42680.61050415039
42673.97331237793
42665.706883748375
42643.04908243815
42629.44343058268
42596.45215861002
42604.3991394043
42589.40588887533
42579.83390299479
42582.89689127604
42568.41257222494
42573.49540201823
42582.459493001305
42575.52692159017
42593.89938354492
42605.50589497884
42596.93865966797
42595.24327596029
42597.32703653971
42618.50907897949
42598.30817667643
42618.23991394043
42636.22432963053
42621.81900024414
42627.819508870445
42653.02275594076
42670.56499226888
42659.90148417155
42677.95120747884
42675.22178141276
42695.08551534017
42691.206548055015
42695.23530578613
42706.06554158529
42702.33799235026
42722.63484700521
42698.46824645996
42724.20640055338
42724.66336568197
42751.6043955485
42765.970458984375
42769.70542907715
42766.42874145508
42776.39571634928
42777.35559590658
42772.63569641113
42759.391036987305
42699.04320780436
42612.406311035156
42508.08539326986
42279.26561482748
42148.34322611491
41978.041651407875
41684.806228637695
41541.171478271484
41390.35736592611
41249.97031656901
41101.933100382485
40915.63244628906
40862.334899902344
40830.13083394369
40802.88229370117
40781.37005106608
40743.34531148275
40703.279846191406
40623.18303934733
40488.16817220052
40449.33167012533
40423.326171875
40385.65363057455
40322.29524230957
40310.203745524086
40285.496032714844
40284.214670817055
40285.23141479492
40284.234186808266
40282.97214253744
40277.90865580241
40272.370666503906
40276.819147745766
40264.16609700521
40265.15777079264
40259.98566182455
40262.63881429037
40257.51109313965
40255.40292867025
40253.27462259928
40251.00100708008
40245.277770996094
40233.16101582845
40223.785217285156
40214.10348510742
40209.3367360433
40202.922190348305
40180.81406656901
40166.03321838379
40121.51956685384
40113.38020324707
40090.31470235189
40032.648137410484
40017.75077819824
39994.53104146322
40004.30740356445
39998.06431070963
39990.13156636556
39992.01312764486
39988.264587402344
39973.71713256836
39989.10553995768
39965.677185058594
39959.763025919594
39949.398457845055
39926.11946105957
39923.428802490234
39920.75457255045
39914.041020711265
39894.317067464195
39886.868631998695
39886.36802164713
39882.4640045166
39876.938735961914
39874.32364400228
39869.94135030111
39873.99531046549
39865.91596476237
39873.19959513346
39872.24041748047
39876.87001546224
39874.200831095375
39863.2734781901
39866.61868286133
39852.573237101235
39849.9055074056
39843.48132832845
39829.93819173177
39831.93829345703
39828.58450317383
39828.19718424479
39830.24960835775
39827.34979248047
39823.93074544271
39827.00852457682
39829.79056803385
39825.92963663737
39828.84636942545
39826.8756052653
39824.00206502279
39817.60840861002
39828.67818196615
39832.05063883463
39832.42020670573
39828.63423665365
39835.16935221354
39847.603271484375
39853.198862711586
39851.7506052653
39849.409662882485
39845.03225708008
39848.27580769857
39856.20892842611
39857.16269938151
39861.23808288574
39857.75344848633
39850.24589538574
39843.97861735026
39837.94867960612
39838.63824971517
39837.50757344564
39829.25058492025
39823.63353983561
39823.68133036295
39816.05732727051
39810.893229166664
39810.82883199056
39810.92786153158
39808.73078918457
39798.97081502279
39802.341969807945
39796.08999633789
39787.944844563805
39783.82127888998
39781.64904785156
39774.760091145836
39768.38707987467
39763.547831217445
39748.74075317383
39740.273137410484
39740.88908894857
39734.37349446615
39728.07447306315
39720.9872639974
39706.58342488607
39697.306645711265
39690.75910949707
39691.61892700195
39691.24059549967
39681.40693155924
39674.752141316734
39670.758631388344
39664.97166951498
39654.24137878418
39648.76739501953
39648.25912475586
39642.42697652181
39646.69366963705
39639.76159667969
39629.81067403158
39625.65546671549
39616.26581827799
39610.00380452474
39602.6406656901
39598.07604471842
39601.76228841146
39605.302810668945
39596.99458312988
39590.86719767252
39592.28328450521
39588.34184265137
39584.06774393717
39579.41667175293
39573.574645996094
39570.77551269531
39571.56753540039
39569.40727233887
39564.727208455406
39568.42020161947
39571.76454671224
39567.912658691406
39563.642349243164
39560.56898498535
39559.62297566732
39560.22134399414
39559.57588704427
39557.65228780111
39558.42483520508
39561.05528767904
39556.47404988607
39557.50746663412
39557.77399698893
39559.01413472494
39560.26594543457
39562.32886250814
39556.58268737793
39554.62814331055
39553.864334106445
39551.42988586426
39548.45723978678
39546.58079020182
39547.44921875
39547.84266153971
39550.08172607422
39552.634760538735
39554.62845357259
39553.82548522949
39554.31718953451
39553.13854471842
39551.81698099772
39550.77026875814
39549.38430786133
39546.76901753744
39547.96537272135
39546.79389953613
39547.47264099121
39547.798400878906
39548.149673461914
39547.58600870768
39541.66868082682
39541.756423950195
39541.28265889486
39537.77655029297
39537.75721232096
39533.71783955892
39529.62168375651
39531.769861857094
39530.39916483561
39526.57668558756
39526.8564860026
39522.72655232748
39523.54537455241
39519.9822845459
39525.82882181803
39529.529164632164
39533.06984965006
39532.01329040527
39535.45773824056
39530.082026163735
39536.35824584961
39530.11883544922
39528.09090169271
39526.57518513998
39517.39882405599
39515.18387349447
39510.17849731445
39500.18469746908
39498.79300435384
39503.900883992515
39503.98509724935
39501.031229654945
39497.91742451986
39495.72251383463
39496.12620035807
39488.58759562174
39491.31106567383
39494.82601928711
39488.62334187826
39487.81981404623
39487.97513834635
39489.89083862305
39489.89984639486
39489.52114868164
39488.6842956543
39486.89274597168
39485.83010355631
39487.24805704752
39486.67470296224
39485.58682759603
39489.16066996256
39487.69934590658
39487.184020996094
39487.799377441406
39491.01691182455
39483.35149129232
39487.87322998047
39491.01794433594
39490.45528157552
39492.595698038735
39500.524978637695
39501.063807169594
39503.40086364746
39504.67371114095
39506.8293355306
39508.03855895996
39504.73561604818
39508.35302734375
39511.867502848305
39510.324839274086
39513.46167500814
39518.67763264974
39521.38429260254
39523.708740234375
39523.580907185875
39527.892150878906
39533.95100402832
39536.33092753092
39538.0477142334
39543.769439697266
39545.135248819985
39545.462076822914
39549.51732889811
39552.88250223795
39553.494496663414
39553.52377319336
39551.50981648763
39553.63989766439
39554.365880330406
39566.70101928711
39562.40970865885
39563.348876953125
39561.84836324056
39564.30204264323
39564.70534769694
39564.22596740723
39567.387186686195
39565.553771972656
39567.97832234701
39568.398763020836
39568.98130289713
39570.6845703125
39572.97506713867
39573.32711791992
39567.62793986002
39568.44673156738
39563.943618774414
39566.355392456055
39570.51172892252
39570.85548400879
39568.71735127767
39571.6408030192
39569.38101196289
39569.17167663574
39568.825454711914
39568.63193766276
39569.43314107259
39570.917068481445
39572.427637736
39575.014979044594
39575.788889567055
39574.497889200844
39572.323486328125
39576.466664632164
39580.22473144531
39580.27601623535
39581.334772745766
39582.559743245445
39578.70090738932
39579.17825826009
39581.6892751058
39578.84780883789
39580.58126831055
39585.19306945801
39585.67899576823
39585.990046183266
39583.345235188805
39584.61269632975
39583.87864176432
39580.36167907715
39576.785832722984
39575.86713155111
39570.60208638509
39572.62641398112
39575.15515645345
39574.81228637695
39574.46203104655
39579.109375
39579.663904825844
39576.98025512695
39577.040033976235
39577.1086730957
39575.79520161947
39577.57078552246
39576.784088134766
39574.50425720215
39575.71269226074
39574.050145467125
39574.18569946289
39576.687728881836
39576.77019755045
39573.896484375
39573.98147583008
39570.61658732096
39570.60565185547
39571.51550292969
39572.20104471842
39573.24901326498
39575.69181315104
39576.97332255045
39573.9759572347
39578.24132792155
39575.92533365885
39578.41302998861
39577.030293782555
39580.72858683268
39580.01715596517
39581.96583557129
39584.39280192057
39583.34572855631
39584.63042704264
39584.23190307617
39583.49604797363
39589.929707845055
39589.421813964844
39587.68392944336
39585.46627807617
39587.293853759766
39592.44092814127
39595.44005330404
39598.65619405111
39599.480056762695
39602.14867655436
39603.827768961586
39606.433100382485
39610.54040018717
39611.20599873861
39608.00190226237
39611.53009033203
39614.576665242515
39622.397689819336
39623.09120686849
39624.796142578125
39625.74651590983
39625.39855448405
39626.729736328125
39627.11774698893
39629.71755981445
39635.489166259766
39638.5476735433
39640.417836507164
39644.96792602539
39641.71194458008
39650.331675211586
39648.210749308266
39653.02170308431
39655.106994628906
39662.24998982748
39663.0064646403
39666.64336140951
39664.74420674642
39663.59936014811
39661.58690388998
39666.81876118978
39664.34468078613
39668.09041849772
39667.8736521403
39673.129623413086
39677.409174601235
39684.98823038737
39687.983907063805
39690.99954223633
39697.6093343099
39701.13630167643
39705.511906941734
39711.23119099935
39719.07418314616
39720.328455607094
39728.48360697428
39731.98701985677
39737.69950358073
39737.06793721517
39734.95388285319
39739.048497517906
39741.817225138344
39749.04672241211
39751.872889200844
39749.732513427734
39752.06672668457
39755.769958496094
39763.107905069985
39765.45173136393
39771.82064819336
39778.449279785156
39791.21280924479
39796.40319315592
39803.057261149086
39806.23829650879
39813.94440205892
39812.87245686849
39817.595219930015
39821.5363108317
39825.910832722984
39837.184310913086
39837.18143717448
39838.418884277344
39844.931091308594
39846.94826761881
39847.338439941406
39848.51072692871
39857.01291402181
39859.05360412598
39855.752110799156
39858.2232615153
39868.78314717611
39879.84814453125
39884.60935974121
39883.37965901693
39892.1514078776
39889.997090657555
39890.117055257164
39892.49824015299
39891.685384114586
39894.55036417643
39905.96113077799
39917.90879821777
39925.76804097494
39930.73620605469
39937.67501322428
39943.86779785156
39946.75477091471
39942.37259419759
39940.25531514486
39943.52273050944
39947.27579243978
39952.16168721517
39952.1336110433
39952.37184651693
39954.64107259115
39955.814514160156
39955.25531514486
39959.57722981771
39959.28020222982
39959.47893778483
39962.210606892906
39962.01122029623
39958.46208190918
39959.23617553711
39956.54518636068
39963.035385131836
39964.346130371094
39962.191309611
39960.16980997721
39961.909479777016
39964.12670389811
39967.637771606445
39971.36756388346
39977.810526529945
39982.88013203939
39982.50126647949
39981.79014078776
39981.76625061035
39984.69714864095
39983.5406443278
39983.1355082194
39983.74778238932
39989.602294921875
39993.622161865234
39994.00061035156
39991.7743733724
39993.53851826986
39994.24956766764
39996.12110392252
39995.78644307455
39996.89229838053
39998.86933390299
40003.122817993164
40006.874282836914
40009.78040059408
40009.38220214844
40009.85178120931
40011.418965657555
40010.91051737467
40012.774754842125
40011.73546854655
40013.30227152506
40019.63446044922
40015.98275756836
40015.193339029945
40017.28007507324
40018.295389811195
40015.53137715658
40018.38259379069
40023.81034342448
40021.70590209961
40023.3819732666
40026.03742980957
40025.730799357094
40024.36889139811
40022.914571126305
40023.41266886393
40024.11787923177
40021.447606404625
40018.00241088867
40021.71838378906
40019.87253316244
40023.61880493164
40027.699086507164
40033.8221282959
40036.45011393229
40045.09083557129
40048.64260864258
40055.39602152506
40058.21001180013
40062.552337646484
40064.370849609375
40071.69892883301
40071.0195719401
40072.238917032875
40075.1277516683
40080.27867126465
40081.025705973305
40081.273111979164
40086.33423868815
40091.643391927086
40093.83801778158
40095.10398864746
40102.40926106771
40100.10151163737
40105.81025695801
40108.75989278158
40108.47779337565
40113.95654296875
40114.868728637695
40119.798110961914
40118.25333658854
40122.19489034017
40121.52149454752
40124.83609008789
40124.960622151695
40128.18977355957
40133.41226196289
40130.08279927572
40142.13405354818
40142.09894307455
40142.559143066406
40146.44569905599
40152.6376953125
40158.34790547689
40162.72747294108
40163.38482157389
40172.383768717445
40171.260192871094
40179.17584737142
40186.13761393229
40191.74019877116
40197.86848449707
40202.59474182129
40205.171559651695
40208.87685139974
40203.69933573405
40202.02452087402
40204.77949015299
40208.71135965983
40212.20000203451
40218.523025512695
40220.84480794271
40232.57939147949
40233.36243184408
40242.624979654945
40247.2890625
40247.67721048991
40250.787857055664
40256.59435017904
40264.6239827474
40263.07993570963
40265.22215270996
40263.06619771322
40261.149770100914
40260.36868286133
40260.80803426107
40265.36516825358
40260.496114095055
40263.98833719889
40257.349141438805
40262.7382405599
40259.858530680336
40262.26687113444
40260.06435139974
40262.910176595055
40262.49518839518
40267.72506205241
40266.7196858724
40266.37040201823
40263.0507405599
40261.15130106608
40258.65915425619
40258.42569986979
40256.988957722984
40261.83230082194
40267.22742207845
40267.76639302572
40274.689122517906
40280.16003926595
40276.83587137858
40276.585708618164
40280.08604939779
40289.13486735026
40289.93416849772
40286.71961975098
40289.63562011719
40292.21864827474
40294.3720296224
40288.78159586588
40289.121251424156
40292.06205749512
40297.40701293945
40298.623443603516
40301.59080505371
40305.96773783366
40306.12356567383
40312.38811747233
40309.691762288414
40308.16283671061
40309.225341796875
40313.038650512695
40312.300455729164
40313.84580993652
40316.518381754555
40316.14361063639
40323.75725301107
40325.01481628418
40333.80234273275
40340.337727864586
40343.15391540527
40342.03096516927
40347.327967325844
40347.60348002116
40346.46659851074
40345.1854095459
40354.842514038086
40353.35080973307
40351.71760559082
40354.38010152181
40357.64597066244
40364.63860066732
40367.36582438151
40368.828776041664
40368.234507242836
40368.654622395836
40372.19215901693
40373.61384073893
40377.21313985189
40380.91887919108
40376.77371724447
40379.65977478027
40380.831802368164
40380.582387288414
40383.47169494629
40385.53210957845
40385.122009277344
40381.50801086426
40375.58034261068
40374.36805725098
40370.37170410156
40374.39829508463
40371.79437764486
40370.19258626302
40366.92654927572
40365.59053039551
40368.24359639486
40370.68434651693
40366.05346171061
40367.125427246094
40364.81002807617
40363.18663533529
40363.59599304199
40362.920110066734
40361.736404418945
40356.153477986656
40355.194173177086
40354.53194681803
40348.863184611
40338.844233194985
40330.122146606445
40314.61873372396
40308.89429219564
40308.8913675944
40310.314122517906
40306.39775594076
40298.21970113119
40292.31388346354
40290.22003173828
40275.9285736084
40273.407806396484
40267.28042602539
40264.21062723795
40259.80243937174
40256.4012705485
40247.21970113119
40246.75044250488
40247.72864278158
40243.72066752116
40239.78146870931
40241.594731648765
40239.35598754883
40237.10789998373
40233.921717325844
40234.038106282555
40238.750325520836
40241.748474121094
40240.79391988119
40244.48026529948
40245.39970397949
40245.764236450195
40249.495834350586
40250.07743835449
40252.027770996094
40248.23155721029
40249.64141845703
40252.89121500651
40253.74053955078
40256.90263875326
40255.19385782877
40256.45383707682
40255.72636922201
40258.47653706869
40260.49093119303
40256.236139933266
40262.37219238281
40258.5676574707
40260.448374430336
40263.0146077474
40264.87348429362
40263.434214274086
40259.97660827637
40252.87614440918
40248.629053751625
40249.71687825521
40253.148864746094
40253.75686645508
40255.434020996094
40254.458852132164
40253.77817789713
40252.75989278158
40252.47417704264
40250.590494791664
40250.4394938151
40253.24665323893
40252.76507059733
40252.6251780192
40256.62340799967
40255.2148030599
40250.90679423014
40252.65394592285
40247.74035644531
40243.96267700195
40234.54760233561
40225.25624593099
40224.307622273765
40224.016438802086
40217.14097086588
40214.10036214193
40207.68067423502
40203.111002604164
40187.23880513509
40180.394470214844
40177.55004374186
40174.71269226074
40176.201014200844
40172.03634643555
40171.37276204427
40176.38198852539
40181.66017150879
40178.856760660805
40179.18836466471
40173.06133015951
40168.478927612305
40168.40388997396
40165.0850982666
40164.838317871094
40164.666580200195
40157.76549784342
40154.0830485026
40154.948471069336
40160.96450805664
40157.86696879069
40157.2990620931
40143.41202799479
40140.60767618815
40138.23978678385
40139.4908396403
40138.96233622233
40133.627253214516
40131.33122253418
40123.303802490234
40107.650970458984
40105.74635823568
40104.45270792643
40106.27233378092
40107.951904296875
40108.022928873695
40108.422790527344
40109.757832845055
40109.81277974447
40109.1579691569
40103.90590413412
40106.76565551758
40107.29909261068
40110.588567097984
40109.33325703939
40110.99559529623
40109.84852091471
40107.99090576172
40108.8765818278
40111.14952596029
40114.670181274414
40110.89103190104
40108.57251485189
40107.60633850098
40107.41791788737
40108.45789591471
40106.46938069662
40108.23769632975
40110.145248413086
40107.62984720866
40108.028091430664
40106.79774983724
40105.230372111
40107.96381123861
40109.5800374349
40107.765813191734
40111.5466969808
40112.780253092445
40113.38514200846
40114.28561401367
40114.455739339195
40114.708338419594
40114.34278869629
40115.95509338379
40114.87655131022
40115.07883707682
40115.688079833984
40114.94093322754
40117.455739339195
40112.011723836265
40112.13049316406
40112.25937906901
40113.32118733724
40114.45267740885
40118.37981669108
40121.28211466471
40120.556493123375
40125.1766611735
40128.35118103027
40129.02251180013
40126.89138285319
40128.835596720375
40131.23286437988
40132.60108947754
40133.62801106771
40135.38846333822
40134.57131449381
40136.81758117676
40136.838734944664
40134.237813313805
40136.4933420817
40134.647216796875
40137.36103312174
40139.217208862305
40137.73846435547
40136.69062296549
40136.33474222819
40137.71301778158
40135.49819946289
40132.8464050293
40134.04765828451
40132.06682840983
40135.30713907877
40137.0334777832
40138.335189819336
40134.14057922363
40136.18024698893
40133.27682495117
40135.24072265625
40138.47103881836
40138.488220214844
40137.13612365723
40139.21183268229
40142.18638102213
40138.60774230957
40137.013346354164
40139.95428466797
40140.13571166992
40140.145182291664
40138.74458312988
40136.61543782552
40136.18237813314
40139.94819641113
40139.399185180664
40139.477767944336
40138.42385355631
40135.56924947103
40138.98041280111
40137.281926472984
40135.3724416097
40135.19894917806
40131.80803426107
40133.24349975586
40133.56939188639
40136.45421854655
40136.36082458496
40136.377100626625
40136.30344136556
40134.6322072347
40135.210286458336
40136.36732991537
40132.85971069336
40135.2665049235
40137.12192789713
40136.18112182617
40137.0987294515
40131.737452189125
40130.31335449219
40128.92854309082
40124.91996765137
40126.32734680176
40127.57964579264
40125.92515563965
40120.71510823568
40120.85358174642
40120.59187825521
40121.74289449056
40117.57700602213
40118.892278035484
40120.54034423828
40123.95534261068
40122.292948404945
40123.58757019043
40119.93645731608
40120.107121785484
40121.28172810873
40117.595153808594
40117.74501546224
40117.68416849772
40116.811848958336
40116.99307759603
40119.871576944985
40118.27070617676
40120.4210357666
40118.10772705078
40119.06407674154
40120.5919342041
40117.948150634766
40114.303787231445
40113.74651590983
40112.267740885414
40111.86590067545
40110.454457600914
40109.924728393555
40109.20820109049
40105.67354838053
40108.71706136068
40108.36330668131
40107.27922566732
40107.60949707031
40105.51573181152
40101.44523111979
40096.84511820475
40096.34485371908
40094.73970540365
40095.291595458984
40096.12653096517
40098.66822306315
40100.874003092445
40100.985427856445
40098.076497395836
40096.06898498535
40098.036321004234
40097.69438171387
40098.56892903646
40099.857889811195
40100.42216491699
40099.45730082194
40099.47293599447
40102.12946065267
40100.178202311195
40101.3952738444
40100.202977498375
40100.312632242836
40098.604751586914
40100.28535970052
40100.17527770996
40100.43836975098
40097.976623535156
40096.488123575844
40096.7206624349
40095.43567403158
40093.84890238444
40096.29034932455
40097.098821004234
40096.86185201009
40097.95315551758
40096.72579447428
40098.53013102213
40096.91359965006
40095.81244405111
40094.72375488281
40095.16756184896
40093.29642232259
40092.21675109863
40091.09154764811
40092.72812398275
40094.49190266927
40096.347035725914
40097.119776407875
40092.323557535805
40094.2098236084
40092.579594930015
40091.111389160156
40090.64693705241
40088.681147257485
40088.60858154297
40089.28267923991
40091.36637878418
40093.77959187826
40094.30884806315
40095.20170084635
40093.656590779625
40093.615870157875
40095.91844177246
40096.575495402016
40096.005671183266
40096.3351949056
40095.85950215658
40093.182357788086
40090.48853556315
40091.42965698242
40088.99093119303
40089.368225097656
40088.855799357094
40089.33269755045
40088.350662231445
40085.862660725914
40089.94027709961
40088.224197387695
40088.68194580078
40086.26395670573
40088.874659220375
40087.499196370445
40089.04232788086
40089.17610168457
40090.47599283854
40090.99910990397
40092.25933329264
40095.334157307945
40095.09601338705
40093.71383666992
40092.30749511719
40093.570180257164
40091.35739644369
40091.04414367676
40092.27446492513
40091.234227498375
40091.67295837402
40093.03341166178
40093.70871480306
40094.9062093099
40094.41608174642
40095.63218688965
40097.42022705078
40097.64906311035
40095.80214945475
40096.15230814616
40099.19194030762
40099.01014200846
40097.06491597494
40098.47108459473
40098.42531840006
40102.27799987793
40101.8948059082
40102.279917399086
40100.602544148765
40104.71287536621
40107.192891438805
40104.72284952799
40106.72618611654
40107.42056274414
40104.90662638346
40101.75718688965
40101.51629130045
40102.0694325765
40104.1642964681
40105.37624104818
40105.282694498695
40110.27670288086
40109.98426310221
40107.96823628744
40112.88400777181
40112.44521077474
40115.85087076823
40115.40010579427
40116.15431213379
40115.95155334473
40117.598627726235
40120.71050008138
40118.555892944336
40117.386459350586
40120.502502441406
40120.0118967692
40118.4874420166
40117.66710408529
40119.39878845215
40120.19746398926
40120.58881123861
40120.68465677897
40121.53848775228
40123.541915893555
40123.691482543945
40121.541371663414
40122.4153137207
40120.26833089193
40123.105529785156
40126.49065653483
40129.10649108887
40126.23342386881
40131.221588134766
40132.65249633789
40132.54416402181
40133.05350240072
40131.47888183594
40133.5011545817
40134.56891377767
40134.83751424154
40133.99393208822
40133.53652445475
40131.74112955729
40128.5709177653
40130.551930745445
40131.94236755371
40131.89724731445
40133.975886027016
40133.593561808266
40134.89807128906
40134.28391011556
40133.97072855631
40133.76732889811
40134.86377970377
40136.446619669594
40133.94747924805
40132.439514160156
40135.71374511719
40135.84029642741
40134.609995524086
40136.77676900228
40135.31337483724
40136.127853393555
40136.02896118164
40137.061264038086
40135.9567565918
40136.9560546875
40136.57625325521
40135.01289876302
40135.043853759766
40133.74543762207
40133.53610738119
40133.44736735026
40133.74105834961
40133.85451761881
40135.22687276205
40137.26518249512
40138.25199890137
40137.11008707682
40137.476501464844
40136.56964111328
40138.409576416016
40136.26370239258
40136.39102681478
40135.770680745445
40135.0172068278
40134.9900004069
40132.429748535156
40131.174631754555
40132.24307759603
40131.861907958984
40130.962966918945
40131.109130859375
40130.25450134277
40131.13695780436
40131.701166788735
40130.98506673177
40131.60357157389
40132.318262736
40130.83990987142
40133.25673421224
40132.917322794594
40132.336669921875
40133.841288248695
40135.3160349528
40135.46994527181
40136.337590535484
40133.83846537272
40133.30701700846
40132.13942464193
40131.56474304199
40132.375493367515
40132.563969930015
40131.45128377279
40132.48137410482
40133.08253479004
40133.2122853597
40131.37519836426
40132.05767313639
40130.12666829427
40130.427505493164
40130.44307454427
40131.35278828939
40131.999903361
40132.49149068197
40132.71583048502
40135.75817871094
40135.10094706217
40135.01665242513
40136.18331400553
40137.56595865885
40138.41731262207
40138.8504079183
40139.722559611
40140.65409342448
40143.46149190267
40144.553217569985
40145.36484273275
40146.884785970055
40149.90475463867
40150.96708170573
40150.92190043131
40152.82442728678
40157.66868082682
40162.82248433431
40161.021392822266
40161.65062967936
40159.62773640951
40158.41882832845
40155.05942789713
40158.9303894043
40159.8904876709
40163.62178039551
40161.5880279541
40159.419108072914
40156.846420288086
40156.122787475586
40160.231287638344
40162.87309773763
40162.28718058268
40163.84562174479
40161.81892903646
40164.55625406901
40166.80989074707
40163.63586934408
40163.089599609375
40165.597356160484
40166.08532206217
40168.72929890951
40166.759745279945
40166.504247029625
40163.633071899414
40164.30831400553
40163.75254821777
40165.708516438805
40167.882807413735
40172.12459309896
40174.012954711914
40174.613428751625
40176.9754486084
40175.95757548014
40176.07999165853
40174.56693013509
40174.93236287435
40175.37130737305
40169.22903442383
40171.723236083984
40174.828440348305
40173.46254475912
40173.54192606608
40174.15028889974
40175.35084025065
40173.06497701009
40172.96771748861
40171.44920857748
40174.96587117513
40174.896631876625
40178.029357910156
40177.83306376139
40182.70485941569
40181.363469441734
40181.30205281576
40183.86545308431
40183.69165547689
40182.644343058266
40180.93113708496
40184.254959106445
40185.993815104164
40181.40606689453
40185.18120320638
40183.85729980469
40186.86098225912
40190.50812276205
40187.59832255045
40189.258458455406
40189.7822672526
40192.21961975098
40193.22762044271
40192.00834147135
40192.12099202474
40191.69422912598
40192.61105855306
40195.277755737305
40192.8179880778
40194.98868815104
40196.115534464516
40195.796702067055
40197.55407206217
40198.98575846354
40197.828913370766
40199.69947306315
40204.59721374512
40206.190658569336
40205.83180745443
40207.19973246256
40208.45453389486
40208.29483540853
40208.29733784994
40210.200342814125
40210.854680379234
40210.0245513916
40208.49548339844
40206.92170715332
40209.706075032555
40209.94270324707
40210.845067342125
40209.2287902832
40209.54267883301
40207.36551920573
40211.504079182945
40213.255630493164
40215.23722330729
40215.713862101235
40216.013595581055
40216.69798787435
40214.866078694664
40211.54927062988
40210.679539998375
40212.180435180664
40213.83321126302
40215.02346801758
40214.281743367515
40216.36090596517
40216.443379720055
40215.11928304037
40212.67720540365
40212.659103393555
40213.17904663086
40213.8919728597
40217.82957458496
40214.90586344401
40219.57911682129
40217.05111694336
40218.04560343424
40217.754414876305
40216.16963704427
40216.8664449056
40214.487731933594
40215.50419108073
40217.24747212728
40219.268646240234
40217.66551208496
40219.78332010905
40219.8942565918
40223.24762471517
40224.25661214193
40222.51475524902
40223.524744669594
40225.95549519857
40226.272455851235
40227.970514933266
40229.220626831055
40232.91130065918
40232.835774739586
40230.72014363607
40231.99074808756
40234.2410736084
40236.86795043945
40236.178227742515
40238.07512919108
40235.67428588867
40235.937032063805
40236.02217610677
40234.361643473305
40235.152099609375
40235.363123575844
40236.21053059896
40236.373123168945
40238.35525512695
40240.828201293945
40239.35245259603
40241.908365885414
40240.00349934896
40239.86135355631
40241.94272867838
40244.837814331055
40244.45943196615
40244.53454081217
40244.85688273112
40243.73667399088
40243.49942525228
40242.91747029623
40240.07974243164
40239.20860799154
40237.42159525553
40239.11152140299
40238.63260904948
40240.91180419922
40238.73304748535
40237.84902445475
40238.446756998695
40241.53653462728
40242.62514241537
40246.24517313639
40245.977071126305
40247.0107828776
40244.29909261068
40243.30649820963
40241.75361124674
40240.31039428711
40241.88715616862
40240.236658732094
40240.36750793457
40239.94147237142
40243.37942504883
40244.315521240234
40240.74768575033
40245.91460164388
40244.17714436849
40242.45500691732
40242.389180501305
40242.75723775228
40240.9846496582
40241.33065287272
40242.06496683756
40241.397928873695
40241.11169433594
40241.65109761556
40240.59155782064
40244.995600382485
40245.65008036295
40243.659993489586
40244.37777709961
40243.85925801595
40244.44644165039
40243.98587036133
40245.115158081055
40249.4913482666
40248.69803365072
40249.56206766764
40250.05280049642
40251.24701944987
40251.61043802897
40250.151209513344
40250.78299967448
40248.09816996256
40249.77346801758
40250.22338358561
40250.923278808594
40251.74727884928
40250.354487101235
40249.045806884766
40248.98208618164
40248.64610799154
40247.51759338379
40247.00853474935
40245.80370076498
40247.99567159017
40248.01047770182
40246.7078704834
40247.81100463867
40247.13113911947
40247.88850402832
40248.159606933594
40246.677810668945
40248.39168294271
40246.811614990234
40245.24124145508
40245.853647867836
40247.369049072266
40247.58638000488
40250.01891581217
40248.366287231445
40249.982177734375
40253.314392089844
40252.211756388344
40252.40083312988
40251.9026184082
40252.48383076986
40253.37204488119
40251.81162516276
40251.98976135254
40249.383951822914
40247.80635070801
40250.01989237467
40251.57887776693
40248.51689656576
40247.79244995117
40250.97725931803
40249.47025553385
40248.42181905111
40248.30753580729
40247.2801361084
40245.03870137533
40245.73267618815
40244.98971557617
40244.28572591146
40246.963511149086
40246.19903564453
40247.554026285805
40247.22096761068
40244.773793538414
40241.588383992515
40243.77826436361
40245.421742757164
40245.95950826009
40242.27073160807
40245.44161987305
40243.83101908366
40241.93032836914
40242.133305867515
40241.82344563802
40240.2031656901
40240.00620524088
40241.47617594401
40237.88125101725
40238.18639628092
40236.94485473633
40236.93836975098
40237.11124165853
40238.19021606445
40237.89773050944
40240.152501424156
40238.30640157064
40240.10625203451
40239.111724853516
40240.1116994222
40237.95045979818
40238.84131876627
40239.183725992836
40242.45550028483
40239.638997395836
40240.18153889974
40242.45890299479
40244.209477742515
40243.60511779785
40246.70333353678
40248.40936279297
40249.151529947914
40248.815856933594
40247.19061279297
40248.806620279945
40247.9821879069
40245.90045674642
40247.26109313965
40247.18658955892
40246.37729899088
40243.62135823568
40243.261779785156
40241.10279337565
40241.91883850098
40240.782862345375
40239.986333211265
40241.17079671224
40238.2850189209
40240.69574991862
40240.82156880697
40240.777674357094
40245.16003926595
40245.561192830406
40247.456522623695
40245.85301208496
40246.07297261556
40247.060063680015
40247.32169596354
40246.921783447266
40246.20487467448
40248.66469319662
40247.676096598305
40247.10372924805
40246.55534362793
40248.75942993164
40250.867833455406
40250.827321370445
40251.17876180013
40248.34498087565
40248.63891092936
40247.76247151693
40246.18512980143
40244.96118672689
40245.04399617513
40246.45735168457
40247.85673522949
40249.00301106771
40249.127141316734
40250.92483011881
40250.07096862793
40250.36600748698
40249.339711507164
40250.65761311849
40249.989598592125
40250.38315836588
40250.70551554362
40252.17575581869
40252.924057006836
40251.56088256836
40248.17647298177
40249.77253214518
40251.29000854492
40249.90393066406
40249.93559265137
40249.44640096029
40249.17180379232
40248.37599182129
40249.21151224772
40247.97513326009
40249.47369893392
40251.34896850586
40250.150299072266
40249.97371419271
40247.415786743164
40247.60006713867
40249.065241495766
40245.9676361084
40244.912826538086
40245.38875834147
40245.489196777344
40247.552922566734
40244.79465738932
40243.39104715983
40245.61710103353
40239.177734375
40241.339014689125
40240.71494547526
40236.03633117676
40238.65074157715
40238.2801361084
40234.98283894857
40238.815923055015
40234.737116495766
40234.0573425293
40230.65694681803
40227.446756998695
40228.492279052734
40231.95807393392
40228.07272338867
40229.643646240234
40232.88032023112
40232.05890401205
40225.02673339844
40224.76343282064
40223.885258992515
40224.022481282555
40223.86404927572
40221.96470133463
40215.95514424642
40212.283864339195
40215.859675089516
40212.39394632975
40209.27777608236
40207.80963643392
40208.18621317545
40212.44838460287
40209.9249013265
40207.769287109375
40204.557932535805
40204.86654663086
40204.37242126465
40206.54736328125
40208.73786417643
40204.54242451986
40207.235346476235
40210.819259643555
40209.67256673177
40209.11372884115
40204.666427612305
40204.635009765625
40202.89762878418
40200.99341837565
40200.16769917806
40198.40435282389
40197.628829956055
40195.22629801432
40192.099060058594
40192.12397766113
40190.01662699381
40189.49794514974
40191.531509399414
40193.06482950846
40190.99513244629
40186.62502543131
40184.69232686361
40181.45965576172
40179.586486816406
40180.464350382485
40182.7864074707
40181.58876037598
40176.561920166016
40175.34467061361
40174.55331929525
40173.817459106445
40173.4607594808
40174.63506062826
40178.25840759277
40177.72116597494
40177.62023417155
40177.1299235026
40177.884089152016
40173.40495300293
40173.78103129069
40169.82476298014
40168.242319742836
40164.385569254555
40164.67583211263
40163.048639933266
40160.43606058756
40161.235356648765
40162.0958404541
40158.78186035156
40159.887690226235
40158.61066182455
40159.11068725586
40158.70386250814
40157.17581176758
40154.732584635414
40154.472803751625
40154.146713256836
40154.48307800293
40157.42175801595
40157.61009724935
40157.30075073242
40159.74650065104
40159.24164326986
40155.68825785319
40154.47831726074
40154.1993967692
40152.43424987793
40150.31632486979
40151.78642781576
40149.85892232259
40149.214940389
40148.8577931722
40149.03703816732
40152.41026814779
40152.35469563802
40153.0798441569
40150.99237060547
40150.11876424154
40151.54592895508
40155.9033203125
40156.763341267906
40153.37284851074
40151.214543660484
40153.57159423828
40152.32723490397
40151.04482014974
40152.186167399086
40152.10230000814
40152.56677246094
40152.28920491537
40151.017878214516
40150.03047688802
40152.5267384847
40152.19631958008
40151.96519470215
40149.9962310791
40149.09069315592
40149.358042399086
40149.80995686849
40148.43760172526
40149.32915242513
40150.28835550944
40153.52161153158
40155.05733744303
40154.54902140299
40155.2610168457
40151.99565633138
40153.03540547689
40155.05661519369
40156.99870300293
40158.54169718424
40158.45196533203
40160.07368469238
40160.471252441406
40159.100326538086
40161.314193725586
40159.922190348305
40159.301249186195
40156.39254760742
40154.96785481771
40156.15745035807
40154.70887756348
40154.22858683268
40154.66643269857
40157.48190816244
40159.12026977539
40155.42476908366
40156.07943725586
40156.35021972656
40159.481775919594
40159.00857543945
40157.49304199219
40155.502588907875
40157.586166381836
40158.61815388998
40156.52762858073
40157.20120747884
40158.073877970375
40155.38122558594
40154.78510538737
40153.83853149414
40154.44083150228
40154.48081970215
40155.58405558268
40155.03783162435
40153.9787495931
40154.91673787435
40158.12331136068
40155.9227142334
40156.07991027832
40154.13233439127
40152.59241231283
40153.15947469076
40153.16916402181
40150.57219950358
40150.93071492513
40146.6775004069
40149.538965861
40148.258850097656
40149.51995340983
40148.82725524902
40150.6561126709
40148.108698527016
40152.36120096842
40150.74281311035
40150.13819376627
40149.19431050619
40149.62522379557
40151.94039916992
40150.75352986654
40151.69855244955
40149.455922444664
40148.732106526695
40149.16416422526
40150.73969014486
40152.0322672526
40149.831634521484
40149.58821105957
40151.572916666664
40152.58719380697
40151.528579711914
40148.020680745445
40146.11671447754
40142.85663859049
40144.07365926107
40142.68541971842
40140.74238586426
40140.05392456055
40142.079986572266
40141.466064453125
40141.931299845375
40144.270568847656
40145.81855773926
40148.48588562012
40148.451360066734
40149.135009765625
40150.74771118164
40152.33391316732
40150.48095703125
40155.649897257485
40154.73346455892
40155.09981282552
40154.22128804525
40155.42762756348
40153.09532165527
40153.44803365072
40152.83879597982
40151.172943115234
40152.10689798991
40153.9861907959
40151.50962320963
40149.46104939779
40149.80937194824
40148.319259643555
40148.40630086263
40146.345947265625
40144.702809651695
40143.96313985189
40146.13716634115
40144.64947001139
40143.37050374349
40143.039459228516
40142.6494547526
40142.28297932943
40143.400217692055
40142.79913330078
40141.31402079264
40143.011082967125
40141.432037353516
40140.75673421224
40143.052576700844
40142.60474650065
40141.898569742836
40144.45055643717
40144.02486165365
40144.65726216634
40149.1555074056
40148.34201049805
40150.031829833984
40151.492752075195
40150.49726867676
40146.52402242025
40145.0145111084
40144.991760253906
40144.944483439125
40143.95248413086
40143.65295918783
40141.80099487305
40140.0988667806
40138.942306518555
40139.5771484375
40134.50681050619
40133.757008870445
40134.201655069985
40133.56022644043
40130.34442138672
40132.47904968262
40134.073822021484
40136.97836303711
40136.38275655111
40139.46381123861
40137.893798828125
40139.02151489258
40142.34736124674
40142.31993611654
40141.13226826986
40142.313624064125
40139.20357259115
40139.58669535319
40137.64482625326
40138.44216410319
40141.244043986
40138.95177205404
40140.988677978516
40138.78056335449
40141.374588012695
40139.54342142741
40135.02810160319
40136.92988586426
40132.62134806315
40135.27584838867
40131.835764567055
40130.97788492838
40130.18976338705
40129.44650268555
40131.30213928223
40131.180892944336
40129.300633748375
40131.76721191406
40127.01249694824
40125.18300882975
40125.05704752604
40125.762954711914
40122.21233622233
40121.79443359375
40119.444997151695
40120.09298197428
40121.94183858236
40120.38391621908
40122.65333048502
40126.60418701172
40123.09733581543
40120.30018615723
40118.12544759115
40118.064921061195
40121.242670694985
40121.05188496908
40122.26761372884
40120.88935852051
40120.65147399902
40118.13809712728
40121.55090332031
40124.82643636068
40122.92351786295
40124.49289449056
40122.91525268555
40124.765940348305
40124.47226969401
40123.55835469564
40121.61209615072
40123.451833089195
40125.76835123698
40126.13421122233
40124.62819925944
40124.09615580241
40121.12780761719
40119.607666015625
40118.54333496094
40118.801890055336
40117.54623413086
40113.48671976725
40112.93608601888
40108.54179382324
40108.27221171061
40104.35279337565
40102.30615234375
40104.26190185547
40102.621266682945
40099.64666748047
40096.64891052246
40096.96350097656
40091.55968729655
40089.68109639486
40088.63526407877
40088.10158793131
40086.96145121256
40080.81707255045
40082.52797444662
40083.430084228516
40084.29239908854
40085.51290384928
40082.76387532552
40082.499603271484
40080.03614298502
40076.278172810875
40075.348083496094
40074.648905436195
40072.83614095052
40072.84786478678
40073.67364501953
40072.82798258463
40073.420094807945
40075.30293782552
40075.351318359375
40073.19245402018
40068.848932902016
40069.34287516276
40064.9548441569
40065.65489196777
40060.80174255371
40062.6737874349
40063.08891296387
40062.0632425944
40060.82858276367
40061.45805358887
40063.00136820475
40059.70407104492
40059.404932657875
40055.534408569336
40051.71412150065
40051.19401550293
40048.91515604655
40046.87586466471
40047.78133138021
40049.83521525065
40048.80072530111
40046.72721862793
40049.50950113932
40050.5982615153
40048.29348246256
40048.61519877116
40049.02855936686
40048.594161987305
40047.86609903971
40044.59707132975
40044.58385721842
40044.56841532389
40039.894887288414
40038.839263916016
40035.13389078776
40037.21943664551
40035.834477742515
40033.63776143392
40031.97274271647
40030.31938171387
40030.851888020836
40027.06839497884
40026.47312927246
40024.976389567055
40023.396504720055
40022.142974853516
40022.77134195963
40023.73333231608
40025.612467447914
40025.61161804199
40026.472330729164
40024.92443847656
40026.28805033366
40021.972356160484
40022.99470011393
40021.3056640625
40023.287409464516
40024.649002075195
40023.08032735189
40023.81546020508
40023.52868143717
40021.87342325846
40021.21190388998
40022.10067240397
40025.491678873695
40023.01469930013
40025.23903401693
40025.739486694336
40027.15104675293
40026.829121907555
40028.91906738281
40026.72514343262
40028.664057413735
40026.701512654625
40027.57821146647
40027.396143595375
40024.10732014974
40023.646784464516
40021.645263671875
40019.680252075195
40020.19966634115
40022.599365234375
40023.52861531576
40022.95215861002
40021.1642964681
40017.792419433594
40020.414489746094
40020.98749796549
40018.95338948568
40016.956899007164
40013.287938435875
40013.84053039551
40012.943354288735
40011.75641377767
40008.79975891113
40007.24067687988
40006.64382425944
40004.82499186198
40004.394022623695
40008.36770121256
40005.97852579752
40002.46836344401
40001.61222330729
40002.26542663574
40001.150299072266
40002.13680013021
40001.10467529297
40001.77537536621
40000.055338541664
39997.338790893555
39996.796854654945
39997.26843261719
39994.73327636719
39995.517751057945
39993.33662414551
39994.45024108887
39989.22813415527
39983.942403157555
39981.76493835449
39979.039001464844
39977.66555786133
39977.30879720052
39977.603271484375
39976.75055440267
39977.75694274902
39979.90873718262
39976.97401936849
39976.06033325195
39976.324295043945
39977.38961283366
39977.199630737305
39975.5499827067
39976.48315938314
39974.95093282064
39973.29266357422
39971.242863972984
39972.00043741862
39971.98285929362
39970.311335245766
39967.781397501625
39967.47223409017
39967.400370279945
39964.238093058266
39962.206466674805
39963.98035685221
39963.963607788086
39962.2883199056
39964.04521687826
39962.16703796387
39957.68327331543
39956.33497111002
39953.44006347656
39950.76696268717
39948.90293884277
39952.156967163086
39952.624181111656
39950.85486857096
39950.50224812826
39947.81384277344
39948.75101216634
39948.00833638509
39945.88717142741
39948.48513793945
39947.81741333008
39947.087397257485
39943.74713643392
39943.69538370768
39944.89709472656
39942.820373535156
39943.44023640951
39941.309229532875
39938.93714904785
39941.461517333984
39939.658630371094
39937.12746683756
39935.963536580406
39931.19883219401
39931.384607950844
39929.63959248861
39931.17081705729
39936.47282409668
39932.294565836586
39931.2694905599
39927.81224568685
39923.759272257485
39921.991383870445
39918.30274963379
39912.7082417806
39910.64189147949
39901.26084391276
39899.87690226237
39899.95661417643
39898.64343261719
39898.71748352051
39894.99025980631
39890.755213419594
39888.30693054199
39885.94127909342
39891.33733113607
39894.38817342123
39893.15520222982
39892.580266316734
39888.602615356445
39883.72848510742
39888.3691813151
39884.42413330078
39878.73008219401
39876.440170288086
39874.22983805338
39871.71810913086
39870.34077453613
39869.627182006836
39870.819844563805
39871.25516255697
39866.822998046875
39867.464935302734
39867.13000488281
39865.04322306315
39860.56388346354
39856.86886088053
39854.84249369303
39854.55297342936
39852.45270284017
39851.33194478353
39849.74989827474
39847.29367574056
39847.32262674967
39845.49493408203
39840.53114318848
39833.79200236002
39829.99638366699
39828.94002787272
39824.35877990723
39822.4140625
39819.61239115397
39815.73847452799
39813.32945251465
39807.65034484863
39808.29709879557
39800.06776428223
39796.07129923502
39796.11038208008
39796.801498413086
39796.112060546875
39795.74009195963
39796.63739013672
39794.4581858317
39796.19734700521
39796.63742574056
39795.303731282555
39795.49099731445
39796.29248046875
39793.4049987793
39791.63661193848
39789.791636149086
39789.80607096354
39785.579416910805
39784.281346639
39784.00958251953
39783.64220174154
39784.42782084147
39779.004862467445
39777.0965830485
39777.84047444662
39776.64048258463
39774.73182678223
39775.74057006836
39774.76569112142
39773.94282023112
39772.15158589681
39767.273025512695
39764.28071594238
39764.027979532875
39765.522481282555
39759.90262858073
39758.9324391683
39755.00883483887
39747.655085245766
39747.87291971842
39745.452865600586
39742.525899251305
39744.43681844076
39746.83001200358
39744.10350036621
39742.471059163414
39742.11181640625
39741.299321492515
39741.58485412598
39738.295725504555
39734.529454549156
39732.78030904134
39730.81424458822
39731.378997802734
39731.14628601074
39733.12587483724
39731.511545817055
39732.11265563965
39729.94913228353
39731.85930887858
39734.36243184408
39734.07350667318
39733.3517964681
39733.239262898765
39733.344787597656
39731.78488667806
39731.63764444987
39728.005544026695
39725.32278442383
39725.15627543131
39726.01777648926
39725.78928629557
39727.08410135905
39728.84689839681
39724.43390401205
39722.95112101237
39722.736323038735
39721.16289265951
39719.8480275472
39723.86989339193
39720.14659627279
39719.15360005697
39719.37047831217
39719.58137512207
39716.73388671875
39717.27676900228
39713.24672444662
39711.04786682129
39710.452880859375
39710.32448832194
39711.945409139
39709.32985941569
39709.984130859375
39706.09193929037
39703.63166809082
39702.24355061849
39706.063985188805
39709.533543904625
39708.56971740723
39704.15291341146
39703.271575927734
39700.153325398765
39700.65381876627
39698.13563537598
39696.599853515625
39692.46431986491
39692.72670491537
39692.093393961586
39690.70610555013
39687.91385904948
39682.70636494955
39681.195083618164
39677.132960001625
39675.17667643229
39675.47059122721
39674.37375386556
39666.57741800944
39664.6370900472
39665.20562235514
39665.930836995445
39665.16091918945
39665.28547668457
39665.32261149088
39663.79726664225
39660.249170939125
39659.92882283529
39657.75895690918
39654.36038208008
39651.83218383789
39651.03711954752
39650.61144510905
39648.1173655192
39651.74491373698
39649.234700520836
39649.616383870445
39649.02833048502
39648.62780253092
39647.147064208984
39647.2082824707
39649.06004333496
39649.242655436195
39648.481938680015
39649.08649190267
39647.94512939453
39646.36267089844
39644.84803263346
39645.23616027832
39644.42346191406
39642.41735839844
39641.3480275472
39639.98492940267
39640.49929300944
39638.92939758301
39636.55337524414
39633.66758219401
39632.61347452799
39633.3513844808
39634.96529642741
39629.349934895836
39627.687993367515
39628.18700154623
